43838242290583379153711995973933088910056565247077112954077277535161173285361
98848499819589528795177420891277269318602621276746593807175520173085755061903
37429024143306043318970954905225801196385328225119995871758434459619832941327
36898366876200204618015135820494362473595479594012358297832644121518321036659
60186702775818371756850924044212364692267489470379091523506712581533944733561
41764320260098482723396817116315176384023343792778944947399217120627501065147
10838472183317130072045562604824989564857099794388315598992340067569769276813
49526199366599641332651381370647364209847929090631441051970898293342475787129
86318083118531394355341858481187580098775053161577918157022803029356621332679
22154348354278722572033589992963857152355000455716161163624492978276794205071
31572765226564390689092642207917024834996755879762007738026784120339668434963
81447379571844730311192202889912733596633995976790405608618813372993624464219
44544302151973888894236225479872174405929763812033420624394634056432793054803
56715687983826228188127557150879787501024320627708820852417847234119268686839
53052991322216553835841309971310416648382613844693520839027802131836484482317
83753547219806808836669056138585460301543177162920560673904976092588360798049
27979707918666320969879243021074986081565722099381504088194471927838054912051
63176329173279377066160604532049134856848016415146672177604077121038424040849
15576617836152890560791828285777486995303367901934891492830664415119174975503
39362434479358231187216062352877013994576294195010749113899612168477082335269
48034406846153994701917977113234137808771696166574012829514838466060598382567
62591878493482754814250140376297269344876727896425007202202798008746485684669
25356042892192200375444921269540637122093596800206283447266463053006923754143
49906977485588693105697867804810492657225998176809572439227234434537704179851
64719708114559677847795637139179099837058761063254593150882663093367558142453
26991483996791117415348871454713007023864211843619594833352156745636140105119
8328467104475539878255801369259078371812012717657247028645309111578082569973
43247960401157177276059371136239159205683789163324609550118307625071835509739
35422232916430603781741380769947540485547546483933623819361104195998301383617
15753590174542163188273258633773864483766056438684612528077113563024106093879
9433799821223478386830319413367342938752702950477358779520355412364941151463
86043815494879640758483743303333823111073517767378966713725181511741495954401
7158633719762403180702367523511538786339041348445932684124509854324029853681
59128798768337290122274045419506668630022011872835375400403034548046075741727
106030937068948752302728432102497506174056276814313949283429648547923557567799
17288180773505924622150494194718455704957648811100181702594979509418013268617
15198682065757695839398706280475926831206955482812922242442972021060378773867
64545544110568815156388342047692399096835773557091562672144966047519487686693
15185690542612469486976640438871174581251203724487667126642012601479856496931
74221174576377183261419519000070970830558176713494656113325824908472115754389
5165253781440960745978511270080798368999790738396414843929266284254052193213
4002842653670500306176003036344840850179614110704579011460873780304000886153
53891294706699106683283681527965476342422281378362880550471587832782302626143
105027630734223043251285050313991074325242850387311401747747211589704665960527
22073411062243444213667080624992431794798718346405311707727921721119675132057
115120712308051572360523414815023648507015735550605680979720434093451797504003
109415509319945830574058044793519180908859083769337582236802593676858760478049
66197321374895102770412017595166120981234836119143637052433793414980675029573
91649491467950128562291535974306478020411193772820670493798531553826399115667
71778228766138241257982011143945369474875155649373566841446636115544008017081
78831736770567562478511758627886043386640257995262626843292391924920299740961
53737151611208725014571162306323840751590470710023529965590684779829540614289
103373570515877285012215878528018023033873490515871231665869160137172132150999
6419897308808082474421734421868145022942036632808145797630144223065449467107
60039498380711612117697010645431714872359917754601742773088110248393826454313
25431906232788756055841375741315785350827539283750887613412450860167621111213
84290265951784281944642613240170134797531881755836533957168554722242349720251
50612593452884939965112025892475545018439301414957440331290539324421721692993
111075746426435031784780767922689806356362350961782170046783773345017489599957
108020713710811138586660381385820392713661729862879580698585992659028522114797
74553581332161767517662932160693488862432207350679789880397547337080000362457
98725140393026169992709312523399271705362995207590961888728171362473141361223
75154629810407637649427173542709353879661323443029977478435115593742920280003
91471491180469882474913356635626054819397988799457981514076283601678029330269
100173055667060025584713516655980964911930435696542472653973155711342403896623
105203126360040158355457814503338080814933523850177624287226782257662937212363
59825124050852861489153388229594862581623210769568169057217190542807784707337
115564814950199685528955901903746768082011808619444560172123912734200882173413
27276891139658003363227338842133172820556802948856456599340588772782995256311
105928312043265511637316318044827075792209381024324321093676103511712308420983
78151905532360885611982911264913046744370554458634808033489852344048929393753
5419786226287698866614240595226433821745470689762023346791242374063928642251
50799255865877291969763513753087019168528175575530119927421716895467802074029
109554714585652055481345661868821690519903107805483837379322530769160541138357
4793019158402642511122994331675077023849748504408600159148342780186017805103
43646977365297946691169388678731334866397590728653375117063319654893510382933
78169382172816268217047306070462034984754200471118051220627922805770865790423
21064252056758837441644033613653397868033145277111192161768953583680025100783
21140684134065337798533828046731112653599477857950749567225382327409212313601
71641489325455185181782282565057559854794336493750129933515975020156118680623
59945403879335364136842799898138496749226177955833431073037609604608576254641
28163762999174668029940261289850576520021983829944797979462396414798281605583
104424215949290864287389064097185031135330177169074140227283893021858724517057
60427129196870280438777248830266157037781010908117896137406731947201005438221
28180601064876250090044125422645280351306976404202255432071780212385296461743
103633046235961292522257228746229290885678624703552324454685002506449352466633
43650541327256351332319052269009597604051701267444673342660680171961151308001
16249476175109018510897393667697948055345945546284697839138170461801652087349
52448390562074278198137632702305004105567777433122508129850985617128844990409
107337903860640747467026376172246514322306510709653372072074965281242182976379
70297196062826297113753524849834696312972735011224859801291883994463524090807
5784820635223705649992721425577637685059671456457733600740148122583124773109
62471870899651419347563706561637095774724559465510382198954961485505253710437
57958398298352689180591848794773134273942671807306898145517271829279629309733
35917779763269809304917121013241284900320969299683975056314615093007042744631
54670446300233664983800175481336276105256336813680241132127255012570550278819
105481947115567857439171193482281192050996463039354591997689359465131368382741
42074358203619975880686172038812096572179075698117263812125716305018427518947
22456575878554868951806267059851634899643428609388719180703252758998100685427
48960735126413844155600239509341641831427800936039027613412035737864619042191
